name: PointNetClone2
channels:
  - willyd
  - conda-forge
  - defaults
dependencies:
  - _tflow_select=2.1.0=gpu
  - absl-py=0.7.0=py36_0
  - astor=0.7.1=py36_0
  - blas=1.0=mkl
  - ca-certificates=2019.1.23=0
  - certifi=2019.3.9=py36_0
  - cudatoolkit=9.0=1
  - cudnn=7.1.4=cuda9.0_0
  - gast=0.2.2=py36_0
  - grpcio=1.16.1=py36h351948d_1
  - h5py=2.9.0=py36h5e291fa_0
  - hdf5=1.10.4=h7ebc959_0
  - icc_rt=2019.0.0=h0cc432a_1
  - intel-openmp=2019.1=144
  - keras-applications=1.0.6=py36_0
  - keras-preprocessing=1.0.5=py36_0
  - libmklml=2019.0.3=0
  - libprotobuf=3.6.1=h7bd577a_0
  - linecache2=1.0.0=py36_0
  - markdown=3.0.1=py36_0
  - mkl=2018.0.3=1
  - mkl_fft=1.0.6=py36hdbbee80_0
  - mkl_random=1.0.1=py36h77b88f5_1
  - mock=2.0.0=py36h9086845_0
  - numpy=1.15.4=py36ha559c80_0
  - numpy-base=1.15.4=py36h8128ebf_0
  - openssl=1.1.1b=he774522_1
  - pbr=5.1.3=py_0
  - pip=19.0.3=py36_0
  - protobuf=3.6.1=py36h33f27b4_0
  - pyreadline=2.1=py36_1
  - python=3.6.8=h9f7ef89_7
  - scipy=1.1.0=py36h4f6bf74_1
  - setuptools=40.8.0=py36_0
  - six=1.12.0=py36_0
  - sqlite=3.26.0=he774522_0
  - tensorboard=1.13.1=py36h33f27b4_0
  - tensorflow=1.13.1=gpu_py36h1635174_0
  - tensorflow-base=1.13.1=gpu_py36h0fff12a_0
  - tensorflow-estimator=1.13.0=py_0
  - tensorflow-gpu=1.13.1=h0d30ee6_0
  - termcolor=1.1.0=py36_1
  - traceback2=1.4.0=py36_0
  - unittest2=1.1.0=py36_0
  - vc=14.1=h0510ff6_4
  - vs2008_runtime=9.00.30729.1=hfaea7d5_1
  - vs2015_runtime=14.15.26706=h3a45250_0
  - werkzeug=0.14.1=py36_0
  - wheel=0.33.1=py36_0
  - wincertstore=0.2=py36h7fe50ca_0
  - zlib=1.2.11=h62dcd97_3
prefix: d:\APPS\Anaconda3\envs\PointNetClone2

